    207045    -4.3139318632E-001
    207045    -8.5141621584E-001
    207045    -3.2212747252E-001
    207045     2.5263982390E-001
    207045    -1.2485842823E-001
    207045    -7.0653436770E-001
    207045    -4.1793864752E-001
    207045     1.0955462202E-001
    207045    -2.1392925033E-001
    207045    -8.3248413964E-001
    207045    -5.5199382199E-001
    207045     1.8132996102E-001
    207045     7.4469731657E-002
    207045    -6.2088277070E-001
    207045    -5.9964717039E-001
    207045     2.4590022306E-002
    207045    -1.7749789098E-002
    207045    -7.0735484646E-001
    207045    -7.3571374037E-001
    207045     1.5854914888E-002
    207045     2.1229380105E-001
    207045    -4.5786485431E-001
    207045    -7.2424885521E-001
    207045    -1.3864936994E-001
    207045     1.0949165455E-001
    207045    -5.0451852115E-001
    207045    -8.2846223754E-001
    207045    -2.0494391907E-001
    207045     2.5598328722E-001
    207045    -2.5643360723E-001
    207045    -7.6096276197E-001
    207045    -3.4155439890E-001
    207045     1.3803671026E-001
    207045    -2.7296786344E-001
    207045    -8.0904434653E-001
    207045    -4.2815029622E-001
    207045     1.9696618692E-001
    207045    -6.4543211658E-002
    207045    -7.0241019814E-001
    207045    -5.3572649785E-001
    207045     6.3855321305E-002
    207045    -6.8216768802E-002
    207045    -6.8596377784E-001
    207045    -6.0166997961E-001
    207045     5.3168483668E-002
    207045     7.3281616542E-002
    207045    -5.6645136651E-001
    207045    -6.7664385236E-001
    207045    -9.1041722215E-002
    207045     6.3668545317E-002
    207045    -4.9311344312E-001
    207045    -6.8918282109E-001
    207045    -1.3778431733E-001
    207045     1.2928576150E-001
    207045    -3.8918200607E-001
    207045    -7.3510055444E-001
    207045    -2.8586888703E-001
    207045     9.8685846111E-002
    207045    -2.7939068644E-001
    207045    -6.7732977067E-001
    207045    -3.3009889201E-001
    207045     9.7956043733E-002
    207045    -2.1387764310E-001
    207045    -7.0461832562E-001
    207045    -4.7390110624E-001
    207045     3.8784095855E-002
    207045    -9.3950232263E-002
    207045    -5.7862767019E-001
    207045    -4.8195637438E-001
    207045    -4.9815142659E-003
    207045    -7.8766954848E-002
    207045    -6.0185810779E-001
    207045    -6.1488027325E-001
    207045    -9.1726083062E-002
    207045     2.7429369461E-002
    207045    -4.2467633440E-001
    207045    -5.6692790118E-001
    207045    -1.4931200267E-001
    207045    -7.0209571912E-003
    207045    -4.5845760411E-001
    207045    -6.8611288721E-001
    207045    -2.5606672570E-001
    207045     7.0304713859E-002
    207045    -2.5447124838E-001
    207045    -5.7767326440E-001
    207045    -3.0047090694E-001
    207045    -2.8277436389E-003
    207045    -3.0955322734E-001
    207045    -6.8522397351E-001
    207045    -4.1728974208E-001
    207045     3.9787645140E-002
    207045    -1.0242290950E-001
    207045    -5.2433353437E-001
    207045    -4.2929288122E-001
    207045    -5.4774826344E-002
    207045    -1.8345012372E-001
    207045    -6.2611269686E-001
    207045    -5.4740272654E-001
    207045    -4.4926876239E-002
    207045     8.4292834769E-003
    207045    -4.2833225951E-001
    207045    -5.1798840723E-001
    207045    -1.4286748598E-001
    207045    -9.6049983690E-002
    207045    -5.3048021160E-001
    207045    -6.3257067069E-001
    207045    -1.5973044829E-001
    207045     6.9878691248E-002
    207045    -3.1332100600E-001
    207045    -5.6204164470E-001
    207045    -2.4642443084E-001
    207045    -5.0737354261E-002
    207045    -4.1924256277E-001
    207045    -6.7127231365E-001
    207045    -2.8357113616E-001
    207045     8.4514913078E-002
    207045    -1.9772728283E-001
    207045    -5.6551079046E-001
    207045    -3.4996549299E-001
    207045    -4.2997517717E-002
    207045    -3.0732060081E-001
    207045    -6.6914992484E-001
    207045    -4.0228876880E-001
    207045     5.9765480244E-002
    207045    -9.3212750014E-002
    207045    -5.3614267610E-001
    207045    -4.4449467658E-001
    207045    -6.6282044312E-002
    207045    -2.0293906581E-001
    207045    -6.3226321327E-001
    207045    -5.0802487062E-001
    207045     2.6140262807E-003
    207045    -5.9220794837E-003
    207045    -4.8036069315E-001
    207045    -5.2574873370E-001
    207045    -1.1643096091E-001
    207045    -1.1078146490E-001
    207045    -5.6389821073E-001
    207045    -5.9492828751E-001
    207045    -8.2783431722E-002
    207045     5.9562851192E-002
    207045    -4.0183624904E-001
    207045    -5.8998092314E-001
    207045    -1.9252702695E-001
    207045    -3.6949504730E-002
    207045    -4.6528311164E-001
    207045    -6.5497586549E-001
    207045    -1.9316262380E-001
    207045     9.6348625866E-002
    207045    -3.0323819741E-001
    207045    -6.2990394498E-001
    207045    -2.9384523617E-001
    207045     7.8496532668E-003
    207045    -3.3950638935E-001
    207045    -6.7590105000E-001
    207045    -3.2178385367E-001
    207045     9.4574877359E-002
    207045    -1.9045485023E-001
    207045    -6.3452828320E-001
    207045    -4.1495669456E-001
    207045     9.1662737201E-003
    207045    -1.9728752433E-001
    207045    -6.4446871591E-001
    207045    -4.5419715446E-001
    207045     4.4770094729E-002
    207045    -7.6794132824E-002
    207045    -5.9271347082E-001
    207045    -5.4098992829E-001
    207045    -4.5918720817E-002
    207045    -6.0114578782E-002
    207045    -5.5221763937E-001
    207045    -5.6746609607E-001
    207045    -5.6378385637E-002
    207045     1.7072537770E-002
    207045    -4.9961226230E-001
    207045    -6.4820472073E-001
    207045    -1.6128418211E-001
    207045     4.2380646931E-002
    207045    -4.0333281076E-001
    207045    -6.3409843794E-001
    207045    -2.0085054149E-001
    207045     6.6955324570E-002
    207045    -3.6238737488E-001
    207045    -7.0773405672E-001
    207045    -3.2538621015E-001
    207045     7.9825678434E-002
    207045    -2.1894579797E-001
    207045    -6.2937761135E-001
    207045    -3.6608948044E-001
    207045     5.2354296067E-002
    207045    -2.0282575636E-001
    207045    -6.9531700108E-001
    207045    -5.0929626465E-001
    207045     3.1439607367E-002
    207045    -3.5873049103E-002
    207045    -5.4164592033E-001
    207045    -5.1797037348E-001
    207045    -3.5219345629E-002
    207045    -5.5381676644E-002
    207045    -6.0127451155E-001
    207045    -6.7142999048E-001
    207045    -1.0419628403E-001
    207045     1.0239955973E-001
    207045    -3.7964275860E-001
    207045    -6.1903462551E-001
    207045    -1.8622071319E-001
    207045     4.2632942564E-002
    207045    -4.3765667919E-001
    207045    -7.6925839464E-001
    207045    -3.0528357159E-001
    207045     1.5754618064E-001
    207045    -1.7352145229E-001
    207045    -6.3851846068E-001
    207045    -3.7234284837E-001
    207045     6.1952639983E-002
    207045    -2.3652325274E-001
    207045    -7.7168947340E-001
    207045    -5.2908839294E-001
    207045     1.0833614683E-001
    207045     3.0576400107E-002
    207045    -5.6400609983E-001
    207045    -5.5196719712E-001
    207045    -9.2219213816E-003
    207045    -4.4315698144E-002
    207045    -6.7057640222E-001
    207045    -7.2235827355E-001
    207045    -4.0234192972E-002
    207045     1.8309164946E-001
    207045    -4.0762027233E-001
    207045    -6.8177566618E-001
    207045    -1.5981199660E-001
    207045     9.1648876836E-002
    207045    -4.8489655599E-001
    207045    -8.3629603235E-001
    207045    -2.5640185488E-001
    207045     2.4555920921E-001
    207045    -2.0402095671E-001
    207045    -7.2807336886E-001
    207045    -3.5706557237E-001
    207045     1.3669748245E-001
    207045    -2.5694400949E-001
    207045    -8.4101637084E-001
    207045    -4.8962481736E-001
    207045     2.0140173832E-001
    207045    -1.2067838961E-003
    207045    -6.7784916448E-001
    207045    -5.5463607905E-001
    207045     7.9077416883E-002
    207045    -4.1554554179E-002
    207045    -7.3522612150E-001
    207045    -6.8442681024E-001
    207045     6.1701609491E-002
    207045     1.5250947055E-001
    207045    -5.4376996913E-001
    207045    -7.0621722009E-001
    207045    -6.6537284615E-002
    207045     1.1034636709E-001
    207045    -5.4566346817E-001
    207045    -7.9598819802E-001
    207045    -1.3853056259E-001
    207045     2.2282320153E-001
    207045    -3.5977760431E-001
    207045    -7.7714852512E-001
    207045    -2.6331105562E-001
    207045     1.6603118832E-001
    207045    -3.1985724450E-001
    207045    -8.0184432484E-001
    207045    -3.5054162863E-001
    207045     1.9756296951E-001
    207045    -1.7096326149E-001
    207045    -7.5404512519E-001
    207045    -4.6350979461E-001
    207045     1.1876457768E-001
    207045    -1.1185642754E-001
    207045    -7.0720639324E-001
    207045    -5.2591926982E-001
    207045     8.9147979340E-002
    207045    -2.0803030392E-002
    207045    -6.4944530796E-001
    207045    -6.2135400897E-001
    207045    -1.2361853824E-002
    207045     3.2996749533E-002
    207045    -5.4174066340E-001
    207045    -6.2936418926E-001
    207045    -7.1457592201E-002
    207045     6.1005953253E-002
    207045    -4.9445377988E-001
    207045    -7.0607051351E-001
    207045    -1.9008662055E-001
    207045     9.0521406658E-002
    207045    -3.4909503026E-001
    207045    -6.4637238531E-001
    207045    -2.4455207959E-001
    207045     6.4897451754E-002
    207045    -3.2852613133E-001
    207045    -7.0762687254E-001
    207045    -3.7097410031E-001
    207045     6.0621558455E-002
    207045    -1.7265417302E-001
    207045    -5.8471911603E-001
    207045    -3.9351548456E-001
    207045     6.2488984887E-004
    207045    -1.8746924507E-001
    207045    -6.3833129843E-001
    207045    -5.1792088873E-001
    207045    -3.7143872417E-002
    207045    -4.4546375897E-002
    207045    -4.6840245423E-001
    207045    -4.9287110517E-001
    207045    -1.0861199098E-001
    207045    -9.4755643436E-002
    207045    -5.2392255283E-001
    207045    -6.0908203079E-001
    207045    -1.7288115138E-001
    207045     2.0597765944E-002
    207045    -3.2845775221E-001
    207045    -5.3354573192E-001
    207045    -2.3491354656E-001
    207045    -5.7192315186E-002
    207045    -3.9336798386E-001
    207045    -6.4001243479E-001
    207045    -3.1651573537E-001
    207045     2.4311105951E-002
    207045    -1.9259158848E-001
    207045    -5.2043525483E-001
    207045    -3.5458848496E-001
    207045    -6.8734693110E-002
    207045    -2.6982520732E-001
    207045    -6.1893706383E-001
    207045    -4.4528982762E-001
    207045    -2.1070351606E-002
    207045    -7.9605462170E-002
    207045    -4.6693377118E-001
    207045    -4.5264679442E-001
    207045    -1.1684524843E-001
    207045    -1.6744131935E-001
    207045    -5.5956017457E-001
    207045    -5.4686143335E-001
    207045    -9.9939038017E-002
    207045     2.0232767181E-003
    207045    -3.8791911643E-001
    207045    -5.2307355950E-001
    207045    -1.8860068994E-001
    207045    -9.1364668229E-002
    207045    -4.7488378841E-001
    207045    -6.1724873262E-001
    207045    -1.9955886744E-001
    207045     5.0637384868E-002
    207045    -2.9483109353E-001
    207045    -5.6545789416E-001
    207045    -2.7503084403E-001
    207045    -4.2285736846E-002
    207045    -3.7296609112E-001
    207045    -6.5527694278E-001
    207045    -3.1149014606E-001
    207045     6.6211388187E-002
    207045    -1.9479960421E-001
    207045    -5.7996303968E-001
    207045    -3.7148901789E-001
    207045    -2.1812727143E-002
    207045    -2.5892080837E-001
    207045    -6.5803672857E-001
    207045    -4.2900808837E-001
    207045     4.7097470216E-002
    207045    -9.3661639281E-002
    207045    -5.6451134581E-001
    207045    -4.7364559512E-001
    207045    -3.5008960014E-002
    207045    -1.3923610461E-001
    207045    -6.1971241889E-001
    207045    -5.4297922474E-001
    207045    -1.0074428939E-002
    207045     4.9742245499E-004
    207045    -5.1478377098E-001
    207045    -5.7378709156E-001
    207045    -8.8901792414E-002
    207045    -2.6230055124E-002
    207045    -5.3510687081E-001
    207045    -6.3893642831E-001
    207045    -1.0711070434E-001
    207045     7.4634610381E-002
    207045    -4.2811256128E-001
    207045    -6.5732600344E-001
    207045    -1.8748320401E-001
    207045     6.0493200401E-002
    207045    -4.0488505416E-001
    207045    -6.9657014879E-001
    207045    -2.3877136063E-001
    207045     1.1145787409E-001
    207045    -3.0862257881E-001
    207045    -7.0417331514E-001
    207045    -3.2547706906E-001
    207045     9.7264442507E-002
    207045    -2.4192732010E-001
    207045    -6.9502534962E-001
    207045    -3.8890963131E-001
    207045     9.4330650788E-002
    207045    -1.7114178211E-001
    207045    -6.9454296110E-001
    207045    -4.8385916969E-001
    207045     6.3960558920E-002
    207045    -7.3807003603E-002
    207045    -6.2073532144E-001
    207045    -5.3001870790E-001
    207045     1.4277021318E-002
    207045    -4.1857989911E-002
    207045    -6.1706397102E-001
    207045    -6.3091718747E-001
    207045    -4.6761193357E-002
    207045     6.2260455568E-002
    207045    -4.7603273009E-001
    207045    -6.2916068345E-001
    207045    -1.2355678917E-001
    207045     4.7811211147E-002
    207045    -4.7653438919E-001
    207045    -7.2921925235E-001
    207045    -2.2248675309E-001
    207045     1.2942465540E-001
    207045    -2.8347566111E-001
    207045    -6.5620487294E-001
    207045    -2.9731444960E-001
    207045     6.9949103929E-002
    207045    -2.9679507915E-001
    207045    -7.4655625266E-001
    207045    -4.3020442093E-001
    207045     1.0234655836E-001
    207045    -8.2102248229E-002
    207045    -5.9439416553E-001
    207045    -4.7101656732E-001
    207045     9.7356133873E-003
    207045    -1.1681765904E-001
    207045    -6.6899947736E-001
    207045    -6.2256971097E-001
    207045    -2.2952446839E-002
    207045     8.0086960359E-002
    207045    -4.4900419085E-001
    207045    -6.0279412942E-001
    207045    -1.2739995642E-001
    207045     1.9372193389E-002
    207045    -5.0620192900E-001
    207045    -7.5097252866E-001
    207045    -2.2445939562E-001
    207045     1.6094589118E-001
    207045    -2.4893863817E-001
    207045    -6.5746002329E-001
    207045    -3.1497498054E-001
    207045     7.5568955095E-002
    207045    -2.9170867132E-001
    207045    -7.7923167133E-001
    207045    -4.5755397177E-001
    207045     1.3641888297E-001
    207045    -3.9425192939E-002
    207045    -6.1710435721E-001
    207045    -5.1102225501E-001
    207045     3.3861912935E-002
    207045    -7.5590896337E-002
    207045    -6.9634452376E-001
    207045    -6.6652165035E-001
    207045     9.1664146323E-003
    207045     1.2909098835E-001
    207045    -4.8849415283E-001
    207045    -6.6901982767E-001
    207045    -9.8695043924E-002
    207045     8.9722147785E-002
    207045    -5.1987298291E-001
    207045    -8.0114913805E-001
    207045    -1.9135640593E-001
    207045     2.1647559942E-001
    207045    -3.0195430262E-001
    207045    -7.5068951325E-001
    207045    -2.9117451510E-001
    207045     1.6508838447E-001
    207045    -2.9207725775E-001
    207045    -8.2959473047E-001
    207045    -4.1705296371E-001
    207045     2.0315255737E-001
    207045    -1.0235691822E-001
    207045    -7.3715823302E-001
    207045    -4.9740835504E-001
    207045     1.3499422707E-001
    207045    -6.8231839908E-002
    207045    -7.4816035598E-001
    207045    -6.1456216779E-001
    207045     9.5873909331E-002
    207045     6.2723250632E-002
    207045    -6.3520831078E-001
    207045    -6.6899186594E-001
    207045     1.1181592633E-002
    207045     9.9641695272E-002
    207045    -5.8073481769E-001
    207045    -7.4052943556E-001
    207045    -7.5715715140E-002
    207045     1.5754178513E-001
    207045    -4.7368230588E-001
    207045    -7.6849488039E-001
    207045    -1.7210790084E-001
    207045     1.7783667096E-001
    207045    -3.7142755773E-001
    207045    -7.7169365378E-001
    207045    -2.6874700664E-001
    207045     1.6635072467E-001
    207045    -2.9405746551E-001
    207045    -7.7863579753E-001
    207045    -3.6895729676E-001
    207045     1.5774486099E-001
    207045    -1.7038415962E-001
    207045    -7.0960116282E-001
    207045    -4.3954074151E-001
    207045     9.5732554302E-002
    207045    -1.3764534319E-001
    207045    -7.0666215624E-001
    207045    -5.3481467822E-001
    207045     5.5183623921E-002
    207045    -1.9768785946E-002
    207045    -5.7853706123E-001
    207045    -5.5488708091E-001
    207045    -3.0201405061E-002
    207045    -3.5060396916E-002
    207045    -5.7877863609E-001
    207045    -6.3903057449E-001
    207045    -9.7233891162E-002
    207045     5.7260344704E-002
    207045    -4.1473787413E-001
    207045    -5.9934652676E-001
    207045    -1.7863486500E-001
    207045     1.1407509006E-003
    207045    -4.2973343440E-001
    207045    -6.7048988809E-001
    207045    -2.6190257471E-001
    207045     5.8388846885E-002
    207045    -2.5482459043E-001
    207045    -5.7569850542E-001
    207045    -3.1783073629E-001
    207045    -2.4216612220E-002
    207045    -2.9111941628E-001
    207045    -6.3686397616E-001
    207045    -4.0703387194E-001
    207045    -2.6994563825E-003
    207045    -1.2610409641E-001
    207045    -5.0054799295E-001
    207045    -4.2540036322E-001
    207045    -9.4644105440E-002
    207045    -1.8410225329E-001
    207045    -5.5695031202E-001
    207045    -5.1281710311E-001
    207045    -1.0371914933E-001
    207045    -4.2864305021E-002
    207045    -3.9647885097E-001
    207045    -4.9126363213E-001
    207045    -1.8986549460E-001
    207045    -1.1730035640E-001
    207045    -4.5232667290E-001
    207045    -5.7301662864E-001
    207045    -2.2246967487E-001
    207045    -6.4657559620E-003
    207045    -2.8371520873E-001
    207045    -5.1625455302E-001
    207045    -2.9256626476E-001
    207045    -8.9319482646E-002
    207045    -3.3986531069E-001
    207045    -5.9075625775E-001
    207045    -3.4269565119E-001
    207045    -1.1489874352E-002
    207045    -1.7582544696E-001
    207045    -5.0608988233E-001
    207045    -3.9180538281E-001
    207045    -9.4709412248E-002
    207045    -2.2987060804E-001
    207045    -5.7142127732E-001
    207045    -4.5463588258E-001
    207045    -5.1189230479E-002
    207045    -8.0657983384E-002
    207045    -4.6731900226E-001
    207045    -4.8191543693E-001
    207045    -1.2908493724E-001
    207045    -1.2811972419E-001
    207045    -5.1877931338E-001
    207045    -5.5197404663E-001
    207045    -1.2117848541E-001
    207045    -3.1268395723E-003
    207045    -4.0343076580E-001
    207045    -5.5914353356E-001
    207045    -1.9147927787E-001
    207045    -4.0287436168E-002
    207045    -4.3348104964E-001
    207045    -6.2739927480E-001
    207045    -2.1893421257E-001
    207045     5.0567683950E-002
    207045    -3.1619417581E-001
    207045    -6.1701489588E-001
    207045    -2.8246592366E-001
    207045     2.3792751058E-002
    207045    -3.1670834344E-001
    207045    -6.6942565993E-001
    207045    -3.4004220855E-001
    207045     7.0821405020E-002
    207045    -2.0905616919E-001
    207045    -6.4464495905E-001
    207045    -3.9948219617E-001
    207045     4.9500209171E-002
    207045    -1.7606846820E-001
    207045    -6.6372888882E-001
    207045    -4.7348004881E-001
    207045     4.6610736909E-002
    207045    -9.1994948834E-002
    207045    -6.2898812508E-001
    207045    -5.3109350902E-001
    207045     2.1408454415E-002
    207045    -2.9598695131E-002
    207045    -5.9825356886E-001
    207045    -5.9936055092E-001
    207045    -2.9470163231E-002
    207045     1.6827983039E-002
    207045    -5.6066845329E-001
    207045    -6.5598266082E-001
    207045    -6.9541979939E-002
    207045     9.4923564320E-002
    207045    -4.7113549494E-001
    207045    -6.9124311357E-001
    207045    -1.5526610861E-001
    207045     9.3173391382E-002
    207045    -4.4047337424E-001
    207045    -7.4495267387E-001
    207045    -2.1867946680E-001
    207045     1.6553692493E-001
    207045    -2.9680499070E-001
    207045    -7.2135067602E-001
    207045    -3.1458485652E-001
    207045     1.1292001066E-001
    207045    -2.8419653426E-001
    207045    -7.6906114641E-001
    207045    -4.0325057217E-001
    207045     1.5580696079E-001
    207045    -1.0638542926E-001
    207045    -6.7133122060E-001
    207045    -4.7787465444E-001
    207045     6.0554058232E-002
    207045    -1.2241826643E-001
    207045    -7.1095749837E-001
    207045    -5.8457851085E-001
    207045     5.5275194051E-002
    207045     5.7576892911E-002
    207045    -5.4024951310E-001
    207045    -6.0768463079E-001
    207045    -6.3286536048E-002
    207045     6.4224961160E-003
    207045    -5.7280581196E-001
    207045    -7.1828830171E-001
    207045    -1.2388073528E-001
    207045     1.5278557697E-001
    207045    -3.4939402297E-001
    207045    -6.6849495162E-001
    207045    -2.3835642849E-001
    207045     6.7178131689E-002
    207045    -3.7919343084E-001
    207045    -7.6563401106E-001
    207045    -3.4623251857E-001
    207045     1.4959725471E-001
    207045    -1.3919044870E-001
    207045    -6.3856302348E-001
    207045    -4.2809882892E-001
    207045     3.8521882173E-002
    207045    -1.7235742032E-001
    207045    -7.0742178147E-001
    207045    -5.6038224574E-001
    207045     4.1717511543E-002
    207045     4.0625045683E-002
    207045    -5.1860919859E-001
    207045    -5.8780096615E-001
    207045    -7.9286830028E-002
    207045    -2.4795788087E-003
    207045    -5.5183364655E-001
    207045    -7.1347740614E-001
    207045    -1.4959970371E-001
    207045     1.4565160505E-001
    207045    -3.3360839412E-001
    207045    -6.7782494600E-001
    207045    -2.6221320444E-001
    207045     8.7906408243E-002
    207045    -3.3307200838E-001
    207045    -7.6631600101E-001
    207045    -3.8047542957E-001
    207045     1.4923270012E-001
    207045    -1.2655597845E-001
    207045    -6.7440272304E-001
    207045    -4.6825932269E-001
    207045     7.5886740714E-002
    207045    -1.0304073733E-001
    207045    -7.0540588652E-001
    207045    -5.9583118945E-001
    207045     5.0597705552E-002
    207045     5.2843751275E-002
    207045    -5.7823798411E-001
    207045    -6.4852464348E-001
    207045    -3.5069219435E-002
    207045     8.2907384190E-002
    207045    -5.4626397891E-001
    207045    -7.4534330319E-001
    207045    -1.2490538390E-001
    207045     1.6326086733E-001
    207045    -4.1431279283E-001
    207045    -7.6130917492E-001
    207045    -2.1634282559E-001
    207045     1.8302918472E-001
    207045    -3.2954409081E-001
    207045    -7.9667075276E-001
    207045    -3.3365213117E-001
    207045     1.8212580780E-001
    207045    -2.2400275922E-001
    207045    -7.8250542046E-001
    207045    -4.2290725526E-001
    207045     1.7932451591E-001
    207045    -1.0861017353E-001
    207045    -7.4335790914E-001
    207045    -5.2639341115E-001
    207045     1.1115885657E-001
    207045    -5.2813345577E-002
    207045    -7.1368961325E-001
    207045    -6.0559530217E-001
    207045     8.0856879789E-002
    207045     6.6254467784E-002
    207045    -6.0571126991E-001
    207045    -6.6207972083E-001
    207045    -2.6413934917E-002
    207045     6.2397801179E-002
    207045    -5.7856810610E-001
    207045    -7.2623274595E-001
    207045    -8.1356025576E-002
    207045     1.6214722326E-001
    207045    -4.2225948776E-001
    207045    -7.1735029239E-001
    207045    -1.9453314849E-001
    207045     1.0298655376E-001
    207045    -4.1436754724E-001
    207045    -7.6561435605E-001
    207045    -2.6514230881E-001
    207045     1.6935435409E-001
    207045    -2.3716439381E-001
    207045    -6.9007154806E-001
    207045    -3.5484229029E-001
    207045     7.0318598057E-002
    207045    -2.5938982884E-001
    207045    -7.2709555454E-001
    207045    -4.3011047498E-001
    207045     9.9776711216E-002
    207045    -8.7278917239E-002
    207045    -5.9785514525E-001
    207045    -4.7683044743E-001
    207045    -1.7900780695E-002
    207045    -1.4275182339E-001
    207045    -6.3163829176E-001
    207045    -5.4764461337E-001
    207045    -2.0522290022E-002
    207045     5.4329592453E-003
    207045    -4.6898540016E-001
    207045    -5.4464715218E-001
    207045    -1.3574812523E-001
    207045    -7.8347888603E-002
    207045    -5.0707534748E-001
    207045    -6.0628142076E-001
    207045    -1.6122625810E-001
    207045     3.6412011832E-002
    207045    -3.3259664145E-001
    207045    -5.5747062342E-001
    207045    -2.5787949657E-001
    207045    -6.5585766033E-002
    207045    -3.7932639203E-001
    207045    -6.0911217558E-001
    207045    -2.9671446516E-001
    207045     1.3926577709E-002
    207045    -2.1043346713E-001
    207045    -5.2499826242E-001
    207045    -3.6603975176E-001
    207045    -9.4665380097E-002
    207045    -2.6593080222E-001
    207045    -5.6798022456E-001
    207045    -4.1089490372E-001
    207045    -4.8022583212E-002
    207045    -1.1473023755E-001
    207045    -4.6097694126E-001
    207045    -4.5071463746E-001
    207045    -1.5317951737E-001
    207045    -1.7538553353E-001
    207045    -4.9584967908E-001
    207045    -4.9665831359E-001
    207045    -1.3606447987E-001
    207045    -4.9734453988E-002
    207045    -3.7763244608E-001
    207045    -5.0938968011E-001
    207045    -2.3120528532E-001
    207045    -1.1015487192E-001
    207045    -4.0200954984E-001
    207045    -5.5179687588E-001
    207045    -2.4086899770E-001
    207045    -1.6109004739E-002
    207045    -2.8292783500E-001
    207045    -5.4188111148E-001
    207045    -3.2328536492E-001
    207045    -7.1908380012E-002
    207045    -2.9170530383E-001
    207045    -5.7353168122E-001
    207045    -3.5593959135E-001
    207045    -1.5451953632E-002
    207045    -1.8214279013E-001
    207045    -5.4601986698E-001
    207045    -4.2602993264E-001
    207045    -6.5514338489E-002
    207045    -1.7036853132E-001
    207045    -5.5608365142E-001
    207045    -4.7361972400E-001
    207045    -5.1489895846E-002
    207045    -8.1999862643E-002
    207045    -5.1698961285E-001
    207045    -5.3317054404E-001
    207045    -9.8813498468E-002
    207045    -4.8390318253E-002
    207045    -4.9257192999E-001
    207045    -5.8125208729E-001
    207045    -1.2809249363E-001
    207045     6.3005979775E-003
    207045    -4.4970196040E-001
    207045    -6.3227485641E-001
    207045    -1.7865895161E-001
    207045     5.6449968024E-002
    207045    -3.8010450596E-001
    207045    -6.5998053424E-001
    207045    -2.4404685008E-001
    207045     6.6126775914E-002
    207045    -3.4393223031E-001
    207045    -7.0366358492E-001
    207045    -3.0448112299E-001
    207045     1.2025255450E-001
    207045    -2.2662818772E-001
    207045    -6.8767037300E-001
    207045    -3.8822875029E-001
    207045     7.8845985254E-002
    207045    -2.0958995777E-001
    207045    -7.2503012793E-001
    207045    -4.6236227352E-001
    207045     1.1955051224E-001
    207045    -5.4494816847E-002
    207045    -6.4627878742E-001
    207045    -5.3755698373E-001
    207045     3.0403181510E-002
    207045    -6.9146371524E-002
    207045    -6.7940876252E-001
    207045    -6.2400129459E-001
    207045     4.0611543669E-002
    207045     1.0193673896E-001
    207045    -5.3075057225E-001
    207045    -6.6063127669E-001
    207045    -8.1472710191E-002
    207045     4.6431982872E-002
    207045    -5.6385571475E-001
    207045    -7.5237514197E-001
    207045    -1.1289988881E-001
    207045     2.0398490097E-001
    207045    -3.5482071271E-001
    207045    -7.2411179653E-001
    207045    -2.4232567432E-001
    207045     1.0559135098E-001
    207045    -3.9443240828E-001
    207045    -8.1062671619E-001
    207045    -3.1567271599E-001
    207045     2.1946700746E-001
    207045    -1.5138723257E-001
    207045    -7.0379039329E-001
    207045    -4.2170202162E-001
    207045     8.5930470131E-002
    207045    -2.0478825992E-001
    207045    -7.7483993141E-001
    207045    -5.2422756890E-001
    207045     1.3454180921E-001
    207045     3.3414975807E-002
    207045    -5.9488805594E-001
    207045    -5.7880748498E-001
    207045    -1.7302388124E-002
    207045    -3.9460154489E-002
    207045    -6.4439187261E-001
    207045    -6.8783757397E-001
    207045    -3.9173763223E-002
    207045     1.5353712986E-001
    207045    -4.1611750777E-001
    207045    -6.7408386817E-001
    207045    -1.8701962454E-001
    207045     5.9084887467E-002
    207045    -4.4393494606E-001
    207045    -7.6284287151E-001
    207045    -2.6538491722E-001
    207045     1.7643282074E-001
    207045    -2.0647974666E-001
    207045    -6.8007209740E-001
    207045    -3.8676464611E-001
    207045     6.3126217254E-002
    207045    -2.1863652085E-001
    207045    -7.2645747404E-001
    207045    -4.9120051250E-001
    207045     9.2986015540E-002
    207045    -1.5241819593E-002
    207045    -5.9165749832E-001
    207045    -5.6976311151E-001
    207045    -3.1751298885E-002
    207045    -2.2806888578E-002
    207045    -5.8500170733E-001
    207045    -6.6199889035E-001
    207045    -7.8216897801E-002
    207045     1.1158136884E-001
    207045    -4.2891924089E-001
    207045    -6.9223249332E-001
    207045    -2.0414130397E-001
    207045     9.6422541899E-002
    207045    -3.7206962091E-001
    207045    -7.3735372751E-001
    207045    -2.9623891204E-001
    207045     1.4491989348E-001
    207045    -2.3133443676E-001
    207045    -7.2503176791E-001
    207045    -4.1266406218E-001
    207045     1.1238804769E-001
    207045    -1.3941817439E-001
    207045    -7.0133305895E-001
    207045    -5.0881796363E-001
    207045     7.9817002333E-002
    207045    -4.6354715940E-002
    207045    -6.6297095726E-001
    207045    -6.0729435775E-001
    207045     2.5522798022E-002
    207045     5.7196426796E-002
    207045    -5.6700185202E-001
    207045    -6.6735875777E-001
    207045    -6.3749105728E-002
    207045     8.3707672579E-002
    207045    -5.2569528338E-001
    207045    -7.4393350554E-001
    207045    -1.3808409397E-001
    207045     1.7557445366E-001
    207045    -3.7173196906E-001
    207045    -7.3976449262E-001
    207045    -2.4822005445E-001
    207045     1.3357823766E-001
    207045    -3.5023614755E-001
    207045    -7.9560151684E-001
    207045    -3.3539425132E-001
    207045     1.9674717880E-001
    207045    -1.6420862026E-001
    207045    -7.1730158277E-001
    207045    -4.2986648428E-001
    207045     9.9780457892E-002
    207045    -1.7950149903E-001
    207045    -7.5922213481E-001
    207045    -5.1961921300E-001
    207045     1.2722976533E-001
    207045     9.6445635928E-003
    207045    -6.1510219259E-001
    207045    -5.7040653068E-001
    207045    -9.5908620312E-004
    207045    -4.9914494002E-002
    207045    -6.5439616521E-001
    207045    -6.5385417061E-001
    207045    -6.5685584480E-003
    207045     1.1885821149E-001
    207045    -4.6468511342E-001
    207045    -6.4669559353E-001
    207045    -1.3900084598E-001
    207045     1.8263597734E-002
    207045    -5.1269793280E-001
    207045    -7.1875537070E-001
    207045    -1.6873129113E-001
    207045     1.5256016624E-001
    207045    -3.0303144126E-001
    207045    -6.5371234421E-001
    207045    -2.8195392625E-001
    207045     2.2578662396E-002
    207045    -3.6742076867E-001
    207045    -7.1431430421E-001
    207045    -3.2438398156E-001
    207045     1.1824719761E-001
    207045    -1.6104313705E-001
    207045    -6.0269797601E-001
    207045    -4.0383052357E-001
    207045    -2.5526373815E-002
    207045    -2.4433755625E-001
    207045    -6.5515666407E-001
    207045    -4.4878640002E-001
    207045     3.5093069613E-002
    207045    -5.8052025471E-002
    207045    -5.1356110987E-001
    207045    -4.8926254483E-001
    207045    -1.0756277281E-001
    207045    -1.5739793586E-001
    207045    -5.6185288646E-001
    207045    -5.3047406395E-001
    207045    -7.4806356318E-002
    207045    -2.2258201186E-004
    207045    -4.0689516267E-001
    207045    -5.3486720465E-001
    207045    -2.0523889050E-001
    207045    -1.0909859370E-001
    207045    -4.5320047177E-001
    207045    -5.6909682821E-001
    207045    -1.9349782182E-001
    207045     1.5260160958E-002
    207045    -2.9862980534E-001
    207045    -5.4419555210E-001
    207045    -3.0543095607E-001
    207045    -9.5688125266E-002
    207045    -3.4139959528E-001
    207045    -5.6901547984E-001
    207045    -3.0930689372E-001
    207045    -5.8184819910E-003
    207045    -1.9794741371E-001
    207045    -5.2288398996E-001
    207045    -4.0115370757E-001
    207045    -1.1307481706E-001
    207045    -2.3333917158E-001
    207045    -5.3378483540E-001
    207045    -4.1502298201E-001
    207045    -5.8900626535E-002
    207045    -1.1054211130E-001
    207045    -4.7464383379E-001
    207045    -4.8817037625E-001
    207045    -1.6007996120E-001
    207045    -1.3470787945E-001
    207045    -4.6438690662E-001
    207045    -5.0358027100E-001
    207045    -1.4173315072E-001
    207045    -4.2115544835E-002
    207045    -4.0069393149E-001
    207045    -5.6093624769E-001
    207045    -2.3801539623E-001
    207045    -5.4344277019E-002
    207045    -3.6063625954E-001
    207045    -5.6459826792E-001
    207045    -2.5189845567E-001
    207045    -1.4497550911E-003
    207045    -3.0246715839E-001
    207045    -6.0928145910E-001
    207045    -3.4662204014E-001
    207045    -6.4254055561E-003
    207045    -2.2685919010E-001
    207045    -5.8348838334E-001
    207045    -3.8176300703E-001
    207045    -3.4474682480E-004
    207045    -1.8630227265E-001
    207045    -6.1907072970E-001
    207045    -4.7844409495E-001
    207045    -8.0294920996E-003
    207045    -7.7266008148E-002
    207045    -5.4573066251E-001
    207045    -5.1475751228E-001
    207045    -4.9403627407E-002
    207045    -6.7346951993E-002
    207045    -5.7721421733E-001
    207045    -6.1500335023E-001
    207045    -7.2410481074E-002
    207045     6.3122225853E-002
    207045    -4.4462581457E-001
    207045    -6.2637079665E-001
    207045    -1.5189308581E-001
    207045     3.1365790106E-002
    207045    -4.7879990836E-001
    207045    -7.2848786529E-001
    207045    -2.0124909326E-001
    207045     1.6241899992E-001
    207045    -2.8736190176E-001
    207045    -6.8799621886E-001
    207045    -2.9832063210E-001
    207045     8.3651197239E-002
    207045    -3.3283752877E-001
    207045    -7.8740871469E-001
    207045    -3.7878590828E-001
    207045     1.8997487703E-001
    207045    -9.8366339723E-002
    207045    -6.7559044754E-001
    207045    -4.6449874805E-001
    207045     6.8254022263E-002
    207045    -1.6474718294E-001
    207045    -7.6760715040E-001
    207045    -5.7123465574E-001
    207045     1.2721715248E-001
    207045     8.2951362132E-002
    207045    -5.7974742399E-001
    207045    -6.1499245417E-001
    207045    -2.2534689203E-002
    207045    -1.1563654047E-002
    207045    -6.6172037687E-001
    207045    -7.3450330470E-001
    207045    -2.3444612904E-002
    207045     2.1245963137E-001
    207045    -4.1220727830E-001
    207045    -7.1209616607E-001
    207045    -1.7752538157E-001
    207045     8.7733453089E-002
    207045    -4.8494634204E-001
    207045    -8.2475052478E-001
    207045    -2.3518366728E-001
    207045     2.5380353314E-001
    207045    -2.0608536446E-001
    207045    -7.2616516905E-001
    207045    -3.6662717214E-001
    207045     1.0345005195E-001
    207045    -2.7383493489E-001
    207045    -8.1274331414E-001
    207045    -4.6126065643E-001
    207045     1.9015550081E-001
    207045    -8.0665132160E-003
    207045    -6.4705135653E-001
    207045    -5.4703727076E-001
    207045     2.5155261079E-002
    207045    -7.8005151835E-002
    207045    -6.9515274835E-001
    207045    -6.4712436706E-001
    207045     3.1358744634E-002
    207045     1.3357398545E-001
    207045    -4.8905357498E-001
    207045    -6.7514383658E-001
    207045    -1.3340090267E-001
    207045     5.4084149601E-002
    207045    -4.9635707543E-001
    207045    -7.4642508097E-001
    207045    -1.8740099461E-001
    207045     1.8377539030E-001
    207045    -2.8813274026E-001
    207045    -7.1801606071E-001
    207045    -3.3649693461E-001
    207045     8.9372435405E-002
    207045    -2.6279933029E-001
    207045    -7.3371370522E-001
    207045    -4.1439561740E-001
    207045     1.3019612441E-001
    207045    -9.1739683110E-002
    207045    -6.6448521306E-001
    207045    -5.3615102301E-001
    207045     1.9454142724E-002
    207045    -5.0754502644E-002
    207045    -6.1305939767E-001
    207045    -5.9567708590E-001
    207045    -1.2725667485E-002
    207045     5.3518401290E-002
    207045    -5.2884617059E-001
    207045    -6.8537767094E-001
    207045    -1.3689721531E-001
    207045     9.0118135061E-002
    207045    -4.1592131579E-001
    207045    -6.9062492516E-001
    207045    -2.0886782061E-001
    207045     1.1614209494E-001
    207045    -3.4635169454E-001
    207045    -7.5072459279E-001
    207045    -3.3961194081E-001
    207045     1.3110483788E-001
    207045    -1.9212314221E-001
    207045    -6.8161618555E-001
    207045    -4.1069561492E-001
    207045     8.6743723764E-002
    207045    -1.6160443236E-001
    207045    -7.2209517597E-001
    207045    -5.3924990609E-001
    207045     7.0306415303E-002
    207045     5.3651952532E-003
    207045    -5.7851592957E-001
    207045    -5.7265861301E-001
    207045    -2.0905955005E-002
    207045    -1.7047592365E-002
    207045    -6.1396689576E-001
    207045    -6.9132304699E-001
    207045    -6.8943996998E-002
    207045     1.3612418767E-001
    207045    -4.1307279468E-001
    207045    -6.6377482300E-001
    207045    -1.7588849573E-001
    207045     5.9970359610E-002
    207045    -4.5923058116E-001
    207045    -7.6802649752E-001
    207045    -2.4800724574E-001
    207045     1.8092298070E-001
    207045    -2.2757026594E-001
    207045    -6.7277200291E-001
    207045    -3.4017206484E-001
    207045     6.2158459807E-002
    207045    -2.9664960036E-001
    207045    -7.6378947274E-001
    207045    -4.2477530942E-001
    207045     1.4286280612E-001
    207045    -6.2182902899E-002
    207045    -6.0922521431E-001
    207045    -4.7946816598E-001
    207045     4.4198167605E-004
    207045    -1.5988944400E-001
    207045    -6.9269717486E-001
    207045    -5.6511460422E-001
    207045     4.2869730251E-002
    207045     5.4860064354E-002
    207045    -4.9739307566E-001
    207045    -5.7201768500E-001
    207045    -1.0269402932E-001
    207045    -6.9485926060E-002
    207045    -5.7987053339E-001
    207045    -6.5085232343E-001
    207045    -9.0009298236E-002
    207045     1.1249395364E-001
    207045    -3.6581666825E-001
    207045    -6.1069257484E-001
    207045    -2.2169815517E-001
    207045    -3.0922438071E-002
    207045    -4.5258735326E-001
    207045    -6.7946227026E-001
    207045    -2.2830379097E-001
    207045     1.1404078627E-001
    207045    -2.3887383856E-001
    207045    -6.0076785791E-001
    207045    -3.3547381406E-001
    207045    -3.8113474032E-002
    207045    -3.3158949622E-001
    207045    -6.5935283888E-001
    207045    -3.5251193424E-001
    207045     7.1056817188E-002
    207045    -1.3212825587E-001
    207045    -5.5401804311E-001
    207045    -4.3130473964E-001
    207045    -7.9916544214E-002
    207045    -2.2870954567E-001
    207045    -6.0293327551E-001
    207045    -4.5240684021E-001
    207045    -3.2912220663E-003
    207045    -5.2753904222E-002
    207045    -4.8277774754E-001
    207045    -5.0401445046E-001
    207045    -1.4611017271E-001
    207045    -1.4859584577E-001
    207045    -5.2007588818E-001
    207045    -5.2388395154E-001
    207045    -9.8799038050E-002
    207045    -2.6153857886E-003
    207045    -3.9582908663E-001
    207045    -5.5269572071E-001
    207045    -2.3043017443E-001
    207045    -9.3426339428E-002
    207045    -4.1705611098E-001
    207045    -5.6417407762E-001
    207045    -2.0885537954E-001
    207045     1.6737998681E-002
    207045    -2.9852004737E-001
    207045    -5.7527253597E-001
    207045    -3.2954296080E-001
    207045    -6.7662286995E-002
    207045    -2.9820049483E-001
    207045    -5.6785555528E-001
    207045    -3.2707855621E-001
    207045     1.4006103315E-003
    207045    -1.9597168954E-001
    207045    -5.6658420251E-001
    207045    -4.3910849384E-001
    207045    -7.9543735202E-002
    207045    -1.7156550176E-001
    207045    -5.2700633420E-001
    207045    -4.4289466524E-001
    207045    -5.3666772528E-002
    207045    -9.7536971748E-002
    207045    -5.1984440466E-001
    207045    -5.4869102130E-001
    207045    -1.3805664321E-001
    207045    -5.2961396692E-002
    207045    -4.3600960307E-001
    207045    -5.3915658494E-001
    207045    -1.5080351406E-001
    207045    -1.8390481385E-002
    207045    -4.3128612334E-001
    207045    -6.4039688594E-001
    207045    -2.4671603144E-001
    207045     3.4551490345E-002
    207045    -2.9767313785E-001
    207045    -5.9385172593E-001
    207045    -2.8386278660E-001
    207045     2.2137536562E-002
    207045    -3.0553426972E-001
    207045    -6.9065560874E-001
    207045    -3.9740918345E-001
    207045     6.5250421228E-002
    207045    -1.2846714239E-001
    207045    -5.8566843355E-001
    207045    -4.3503101626E-001
    207045     6.0686293289E-003
    207045    -1.6010381930E-001
    207045    -6.7795747186E-001
    207045    -5.6648314258E-001
    207045     1.9752935798E-002
    207045     4.0835337013E-002
    207045    -5.0299593909E-001
    207045    -5.7519255150E-001
    207045    -7.5517876769E-002
    207045    -2.4050468447E-002
    207045    -5.9176031679E-001
    207045    -7.1849302474E-001
    207045    -1.0615083363E-001
    207045     1.7162848909E-001
    207045    -3.5122646170E-001
    207045    -6.7042346241E-001
    207045    -2.1624137210E-001
    207045     6.9118677097E-002
    207045    -4.3980050394E-001
    207045    -8.1379275177E-001
    207045    -2.9553596431E-001
    207045     2.2713312416E-001
    207045    -1.5547128979E-001
    207045    -6.9101729000E-001
    207045    -3.9234601684E-001
    207045     9.0650409375E-002
    207045    -2.4920002681E-001
    207045    -8.2104836927E-001
    207045    -5.1070773102E-001
    207045     1.8462928634E-001
    207045     4.2293700503E-002
    207045    -6.2258969718E-001
    207045    -5.6597333984E-001
    207045     2.6407675464E-002
    207045    -6.2441762470E-002
    207045    -7.2891143303E-001
    207045    -7.0169454562E-001
    207045     4.4960689469E-002
    207045     1.9463385087E-001
    207045    -4.7334616858E-001
    207045    -6.9570971345E-001
    207045    -1.1647735716E-001
    207045     7.4413272863E-002
    207045    -5.5150663548E-001
    207045    -8.1980127758E-001
    207045    -1.6499317808E-001
    207045     2.6212344569E-001
    207045    -2.7407545569E-001
    207045    -7.4656978959E-001
    207045    -3.0903106083E-001
    207045     1.2506593812E-001
    207045    -3.2746935944E-001
    207045    -8.3214340989E-001
    207045    -3.9765538591E-001
    207045     2.2483314480E-001
    207045    -7.0302547789E-002
    207045    -7.0220165824E-001
    207045    -5.0725248016E-001
    207045     7.3897940540E-002
    207045    -1.0971398522E-001
    207045    -7.3258287031E-001
    207045    -5.9732054924E-001
    207045     8.9629366271E-002
    207045     8.8840900148E-002
    207045    -5.7147296214E-001
    207045    -6.6395748017E-001
    207045    -6.8597061185E-002
    207045     4.9051634777E-002
    207045    -5.4451319568E-001
    207045    -7.1666327224E-001
    207045    -1.1126646978E-001
    207045     1.6612780853E-001
    207045    -3.8580454808E-001
    207045    -7.4171137963E-001
    207045    -2.6804780121E-001
    207045     1.1199774552E-001
    207045    -3.1377319112E-001
    207045    -7.2863383181E-001
    207045    -3.2964855573E-001
    207045     1.4564605724E-001
    207045    -1.9038572085E-001
    207045    -7.2316835691E-001
    207045    -4.7626355653E-001
    207045     6.7816812915E-002
    207045    -9.6175275151E-002
    207045    -6.3446892276E-001
    207045    -5.1431767389E-001
    207045     3.6536633775E-002
    207045    -3.1120624317E-002
    207045    -6.1740537439E-001
    207045    -6.4421707243E-001
    207045    -6.7285930733E-002
    207045     5.8548802369E-002
    207045    -4.6229375378E-001
    207045    -6.2550633788E-001
    207045    -1.3101803479E-001
    207045     5.8055792619E-002
    207045    -4.5479106408E-001
    207045    -7.3632083243E-001
    207045    -2.5570505826E-001
    207045     1.2141123279E-001
    207045    -2.5752049234E-001
    207045    -6.4467396712E-001
    207045    -3.1534411765E-001
    207045     6.3716047724E-002
    207045    -2.7703248887E-001
    207045    -7.3876538637E-001
    207045    -4.5070274447E-001
    207045     8.8754386491E-002
    207045    -6.7657358680E-002
    207045    -5.7702629405E-001
    207045    -4.7534595975E-001
    207045    -6.1774410348E-003
    207045    -1.2476640816E-001
    207045    -6.6234511607E-001
    207045    -6.0980103080E-001
    207045    -2.0389421324E-002
    207045     6.9639555169E-002
    207045    -4.4763915830E-001
    207045    -5.8098645732E-001
    207045    -1.2718614903E-001
    207045    -2.5778416132E-002
    207045    -5.3424187520E-001
    207045    -7.0637169959E-001
    207045    -1.7311477570E-001
    207045     1.3539761577E-001
    207045    -2.9159982445E-001
    207045    -6.1967322225E-001
    207045    -2.6773643954E-001
    207045     9.8364575787E-003
    207045    -3.8774588189E-001
    207045    -7.3258214958E-001
    207045    -3.3346498767E-001
    207045     1.2987028853E-001
    207045    -1.4210997974E-001
    207045    -5.9592204051E-001
    207045    -3.9911830478E-001
    207045    -1.2354688139E-002
    207045    -2.5223285039E-001
    207045    -6.9752178086E-001
    207045    -4.7254136429E-001
    207045     6.7866216469E-002
    207045    -2.3191305930E-002
    207045    -5.2607773697E-001
    207045    -5.0138977418E-001
    207045    -7.6737792050E-002
    207045    -1.4666182845E-001
    207045    -6.1948917917E-001
    207045    -5.7380947330E-001
    207045    -2.9711700425E-002
    207045     5.4207963351E-002
    207045    -4.3002877031E-001
    207045    -5.6664118260E-001
    207045    -1.6502501296E-001
    207045    -7.7923853071E-002
    207045    -5.1792604302E-001
    207045    -6.3316826135E-001
    207045    -1.4373982282E-001
    207045     8.9500843678E-002
    207045    -3.2521364920E-001
    207045    -5.9543269741E-001
    207045    -2.6248667234E-001
    207045    -4.4740735472E-002
    207045    -4.0699776206E-001
    207045    -6.5274556824E-001
    207045    -2.6067349046E-001
